# R script for Peak Model
#  -- generated by MACS
p <- c(0.01762441199545817,0.020656711279425054,0.02354335426590881,0.026628619476233194,0.02944905505477008,0.0290650520886782,0.029250432830929454,0.029210708386161327,0.029607952833842578,0.030018438763113206,0.03016409506059633,0.03027002691331133,0.030468649137151957,0.03042892469238383,0.030640788397813833,0.030746720250528832,0.030680512842581956,0.031024791363905707,0.03126313803251446,0.031342586922050705,0.031143964698210083,0.031541209145891334,0.03189872914880446,0.03187224618562571,0.032799149896881964,0.033103703973437586,0.03348770693952947,0.03307722101025884,0.03295804767595446,0.03286535730482884,0.03295804767595446,0.03267997656257759,0.03212383433582384,0.032150317299002584,0.03151472618271258,0.03167362396178509,0.03168686544337446,0.03216355878059196,0.03207086840946634,0.03217680026218134,0.03250783730191571,0.03286535730482884,0.03373929508972759,0.03421598842694509,0.03463971583780509,0.034811855098466966,0.03463971583780509,0.03459999139303697,0.03524882399091634,0.03576524177290197,0.036069795849457596,0.0359638639967426,0.035977105478331974,0.03587117362561697,0.0358049662176701,0.03568579288336572,0.03626841807329822,0.03632138399965572,0.03646704029713885,0.03663917955780072,0.03706290696866072,0.0371820803029651,0.036930492152766975,0.03752635882428885,0.03715559733978635,0.037380702526805726,0.03711587289501822,0.03736746104521635,0.037142355858196974,0.03719532178455447,0.036983458079124475,0.03777794697448698,0.03821491586693635,0.03841353809077698,0.03862540179620698,0.0386651262409751,0.038691609204153855,0.038744575130511355,0.03896968031753073,0.03931395883885448,0.03938016624680135,0.03912857809660323,0.038956438835941354,0.039088853651835107,0.04018789662375323,0.040413001810772606,0.04069107292414948,0.04124721515090323,0.04163121811699511,0.041670942561763236,0.04210791145421261,0.04213439441739136,0.042584604791430114,0.04245218997553636,0.042227084788516986,0.04250515590189386,0.04320695442613074,0.04322019590772012,0.042875917386396366,0.042584604791430114,0.04262432923619824,0.04284943442321761,0.04318047146295199,0.04376309665288449,0.04368364776334824,0.04394847739513574,0.04381606257924199,0.04363068183699074,0.044133858137386996,0.04483565666162387,0.04466351740096199,0.044690000364140746,0.04443841221394262,0.043855787024010114,0.04408089221102949,0.044186824063744495,0.04427951443487012,0.04487538110639199,0.04512696925659012,0.04496807147751762,0.04537855740678825,0.04589497518877387,0.04594794111513137,0.04633194408122325,0.04649084186029575,0.0463054611180445,0.04659677371301075,0.04643787593393825,0.046888086307977,0.047311813718837,0.04760312631380325,0.047483952979498874,0.04781499001923325,0.04845058113552325,0.04915237965976013,0.04998659299989076,0.050132249297373886,0.05099294560068326,0.05078108189525326,0.051297499677238886,0.051906607830350136,0.05246275005710389,0.053270480434055766,0.05350882710266452,0.05360151747379014,0.054329798961205766,0.05504483896703202,0.05565394712014327,0.05610415749418202,0.05652788490504203,0.05752099602424515,0.058050655287820156,0.05840817529073328,0.058209553066892655,0.0582360360300714,0.0582360360300714,0.05832872640119703,0.05803741380623078,0.058421416772322654,0.0579712063982839,0.05748127157947703,0.057203200466100154,0.05697809527908078,0.05734885676358328,0.05832872640119703,0.05844789973550141,0.05862003899616328,0.05899080048066578,0.05959990863377703,0.061029988645429536,0.061188886424502036,0.061678821243308916,0.06247331013867142,0.06345317977628517,0.06390339015032392,0.06411525385575392,0.06453898126661392,0.06521429682767205,0.06569099016488955,0.06583664646237268,0.06664437683932455,0.06751831462422331,0.06769045388488518,0.06799500796144081,0.0680479738877983,0.06925294871243143,0.07056385538977956,0.07108027317176518,0.0716099324353402,0.07142455169308894,0.07187476206712769,0.07188800354871706,0.0730929783733502,0.07378153541599769,0.0744171265322877,0.0747878880167902,0.07432443616116208,0.07507920061175645,0.07582072358076145,0.07654900506817708,0.07662845395771332,0.07774073841122082,0.07789963619029333,0.07782018730075708,0.07803205100618708,0.07714487173969896,0.07776722137439958,0.07767453100327396,0.07807177545095521,0.07834984656433208,0.07932971620194583,0.07950185546260771,0.07943564805466084,0.08033606880273834,0.08083924510313459,0.08193828807505271,0.08217663474366146,0.08305057252856023,0.08375237105279709,0.08516920958286023,0.08520893402762836,0.0851824510644496,0.08626825255477835,0.08735405404510711,0.08794992071662898,0.08914165405967274,0.09043931925543149,0.09120732518761525,0.09120732518761525,0.09106166889013212,0.09217395334363962,0.09304789112853837,0.09344513557621963,0.09307437409171712,0.09384238002390087,0.09390858743184775,0.0945706615113165,0.09437203928747588,0.09482224966151463,0.09529894299873212,0.09514004521965963,0.09594777559661151,0.09643771041541838,0.0967952304183315,0.09651715930495464,0.09744406301621088,0.09756323635051525,0.09900655784375714,0.09988049562865589,0.10082064082150152,0.1017343030511684,0.1024758260201734,0.10389266455023653,0.10524329567235279,0.10666013420241591,0.10750758902413592,0.10883173718307342,0.10858014903287529,0.10861987347764342,0.10903035940691404,0.10967919200479341,0.10977188237591905,0.10948056978095279,0.11006319497088529,0.1109106497926053,0.11109603053485655,0.1108576838662478,0.1119699683197553,0.11245990313856218,0.11341328981299717,0.11391646611339343,0.11457854019286218,0.11533330464345655,0.11588944687021031,0.11590268835179968,0.11600862020451469,0.11714738762120093,0.11769028836636532,0.11867015800397906,0.1187098824487472,0.11836560392742344,0.1193984394913947,0.11937195652821594,0.11865691652238969,0.11839208689060218,0.11917333430437532,0.11885553874623031,0.11884229726464095,0.11792863503497407,0.11792863503497407,0.12007375505245282,0.12049748246331282,0.12078879505827907,0.1215170765456947,0.12327819359708157,0.12325171063390283,0.1235297817472797,0.12394026767655032,0.12539683065138157,0.12609862917561845,0.12515848398277282,0.12488041286939595,0.12480096397985971,0.12503931064846846,0.12469503212714471,0.12450965138489345,0.12473475657191282,0.12440371953217845,0.1235297817472797,0.12346357433933283,0.12366219656317345,0.12419185582674845,0.12444344397694658,0.12560869435681157,0.12486717138780658,0.12505255213005784,0.12515848398277282,0.12488041286939595,0.12583379954383095,0.12535710620661344,0.12470827360873409,0.12386081878701408,0.1241124069372122,0.12317226174436657,0.1236357135999947,0.12354302322886908,0.12360923063681595,0.12412564841880158,0.12380785286065658,0.1238475773054247,0.12419185582674845,0.12472151509032346,0.12473475657191282,0.1250128276852897,0.12436399508741033,0.12513200101959407,0.1253835891697922,0.1260721462124397,0.12719767214753658,0.12811133437720346,0.1283496810458122,0.12811133437720346,0.1278332632638266,0.12842912993534847,0.12977976105746472,0.1292501017938897,0.12878664993826158,0.1282040247483291,0.1277273314111116,0.12774057289270097,0.12836292252740159,0.1287336840119041,0.1297930025390541,0.12887934030938722,0.12917065290435348,0.13071990625031035,0.1314879121824941,0.1319116395933541,0.13226915959626723,0.1319116395933541,0.13205729589083723,0.13197784700130097,0.13158060255361972,0.13256047219123349,0.1320705373724266,0.1317527418142816,0.13177922477746035,0.13257371367282286,0.13211026181719474,0.13314309738116598,0.13294447515732535,0.1337257225710985,0.13444076257692472,0.13467910924553347,0.13461290183758662,0.13511607813798285,0.13581787666221973,0.13564573740155786,0.136215121109901,0.13548683962248537,0.13579139369904097,0.1357781522174516,0.13550008110407474,0.13584435962539848,0.13550008110407474,0.13501014628526786,0.13364627368156223,0.13383165442381348,0.13338144404977473,0.1341494499819585,0.13336820256818535,0.13305040701004037,0.13306364849162972,0.13273261145189535,0.1333417196050066,0.13299744108368286,0.13369923960791974,