# R script for Peak Model
#  -- generated by MACS
p <- c(0.018691581944608873,0.022003550943115194,0.024812320231903703,0.027721729462635774,0.030887313091042368,0.03030177161064346,0.03061284052210538,0.031088592974929493,0.03107944388929826,0.03127157468755415,0.031811370739796896,0.031619239941541005,0.031994352452421555,0.03257074484718923,0.03268053387476402,0.033092242728169505,0.03281777015923252,0.03295500644370101,0.03297330461496348,0.033229479012638,0.03297330461496348,0.03304649730001334,0.03316543541321937,0.03275372655981389,0.032900111929913614,0.03278117381670759,0.03286351558738868,0.03287266467301991,0.03280862107360128,0.03277202473107635,0.033064795471275804,0.03338501346836896,0.03329352261205663,0.03364118786604348,0.03375097689361827,0.03397055494876786,0.03432736928838595,0.034428009230329515,0.03519653242335308,0.035507601334814995,0.035525899506077464,0.03567228487617719,0.036083993729582674,0.03612973915773884,0.03642250989793829,0.03643165898356952,0.036303571784732265,0.03573632847559582,0.03504099796762212,0.034976954368203486,0.034784823569947596,0.034803121741210065,0.03492205985441609,0.03507759431014705,0.03482141991247253,0.03505014705325335,0.03514163790956568,0.03561739036238979,0.03601080104453281,0.03611144098647637,0.03655974618240678,0.036852516922606236,0.03669698246687528,0.03669698246687528,0.03728252394727419,0.0376759346294172,0.03786806542767309,0.038352966966128436,0.03825232702418488,0.038718930391377755,0.038883613932739945,0.0384810541649657,0.039066595645364605,0.03952404992692625,0.03929532278614543,0.0392312791867268,0.03915808650167694,0.039258726443620495,0.03990831152343804,0.03978022432460077,0.04026512586305612,0.040933009114136124,0.04064023837393667,0.04027427494868736,0.04054874751762434,0.04063108928830544,0.04103364905607969,0.040933009114136124,0.040786623744036396,0.04110684174112955,0.04087811460034873,0.04079577282966763,0.040786623744036396,0.04120748168307311,0.04138131431006654,0.04124407802559804,0.041152587169285715,0.04154599785142873,0.04164663779337229,0.04121663076870435,0.04120748168307311,0.04181132133473449,0.041719830478422155,0.04222303018813997,0.04219558293124627,0.04250665184270819,0.04313793875126326,0.043394113148937784,0.043220280521944356,0.043750927488555864,0.04389731285865559,0.043403262234569015,0.04439136348274217,0.04406199640001779,0.04419923268448628,0.04496775587750985,0.044748177822360256,0.04465668696604792,0.0452605266177093,0.045251377532078065,0.045470955587227656,0.04535201747402163,0.045287973874602996,0.04576372632742711,0.045708831813639716,0.04532457021712793,0.04563563912858985,0.04623032969461999,0.04644990774976958,0.046943958373856155,0.04735566722726164,0.04816993584844137,0.048618241044371784,0.04874632824320905,0.04917633526787699,0.04950570235060138,0.04998145480342549,0.05016443651605015,0.05075912708208029,0.05114338867859207,0.05141786124752906,0.05210404266987153,0.05245170792385838,0.05282682043473893,0.05324767837377565,0.05343980917203154,0.05377832534038716,0.05400705248116798,0.05403449973806168,0.05450110310525456,0.054839619273610175,0.054674935732247985,0.0549585573868162,0.055562397038477575,0.05623942937518881,0.05685241811248142,0.05712689068141841,0.057428810507249094,0.05777647576123594,0.0581241410152228,0.05832542089910992,0.05869138432435924,0.05900245323582116,0.05945075843175157,0.059706932829426095,0.060091194425937876,0.0603473688236124,0.06052120145060583,0.06074992859138665,0.0609878048177987,0.06146355727062282,0.06199420423723433,0.06225952772054008,0.062351018576852414,0.06255229846073954,0.06283592011530775,0.06341231251007542,0.06385146862037461,0.06408019576115544,0.06453765004271708,0.065516602205259,0.06563554031846504,0.06585511837361463,0.06610214368565791,0.06666938699479436,0.06741961201655546,0.06766663732859875,0.06826132789462888,0.06961539256805135,0.07000880325019437,0.06948730536921409,0.07045710844612478,0.07088711547079274,0.07178372586265357,0.07212224203100918,0.07260714356946453,0.07305544876539494,0.07322928139238837,0.07278097619645794,0.07247905637062727,0.07344885944753796,0.07352205213258782,0.07412589178424919,0.07444610978134235,0.07485781863474783,0.07494016040542892,0.07494016040542892,0.0760746470237018,0.07653210130526344,0.07689806473051276,0.07742871169712427,0.07814234037636045,0.07845340928782236,0.07876447819928428,0.07959704499172648,0.08058514623989964,0.0814909057173917,0.08141771303234184,0.08208559628342184,0.0836317917551002,0.08381477346772487,0.08414414055044925,0.08493096191473527,0.0859373613341709,0.08594651041980214,0.08624843024563282,0.08698035709613146,0.0876024949190553,0.08816973822819174,0.08854485073907228,0.08983487181307613,0.09085042031814299,0.09152745265485422,0.09137191819912326,0.09216788864904053,0.09245151030360875,0.09310109538342629,0.09370493503508766,0.09456494908442355,0.09526942867802848,0.09554390124696548,0.09603795187105206,0.09658689700892603,0.09781287448351124,0.0989107647592592,0.09951460441092057,0.09998120777811345,0.10114314165328003,0.1018842175894099,0.1024423118129151,0.10283572249505812,0.10293636243700169,0.10312849323525758,0.10361339477371292,0.10436361979547402,0.10500405578966032,0.10557129909879677,0.10593726252404609,0.10615684057919568,0.1068887674296943,0.10756579976640554,0.10827027936001048,0.10925838060818363,0.10943221323517706,0.10872773364157212,0.1085813482714724,0.10913029340934638,0.10945966049207076,0.10967923854722035,0.10971583488974529,0.11001775471557597,0.1101092455718883,0.11039286722645653,0.1106673397953935,0.1116371428723042,0.11285397126125818,0.11341206548476339,0.1138603706806938,0.11493081369954805,0.11517783901159134,0.11607444940345217,0.11630317654423299,0.11723638327861875,0.11762979396076177,0.11805065189979848,0.11816044092737328,0.11821533544116067,0.11848980801009766,0.1184166153250478,0.118974709548553,0.11923088394622754,0.11952365468642698,0.11883747326408452,0.11989876719730753,0.12004515256740726,0.12046601050644398,0.12116134101441768,0.12093261387363685,0.12107899924373658,0.12093261387363685,0.12124368278509877,0.12187496969365384,0.12223178403327194,0.12177432975171028,0.12199390780685987,0.12182007517986645,0.12106985015810535,0.12193901329307248,0.12265264197230864,0.12271668557172728,0.12244221300279029,0.1234211651653322,0.12411649567330592,0.1237230849911629,0.12451905544108016,0.12499480789390427,0.1254431130898347,0.12472948441059852,0.12391521578941879,0.12450990635544892,0.12351265602164455,0.12339371790843852,0.12265264197230864,0.12343031425096344,0.12237816940337166,0.1221677404338533,0.12236902031774043,0.12248795843094645,0.12249710751657769,0.12224093311890316,0.12375968133368782,0.122863070941827,0.12399755756009989,0.12390606670378755,0.12482097526691086,0.12496736063701058,0.12520523686342264,0.12464714263991743,0.12504055332206043,0.12524183320594756,0.12485757160943578,0.1253882185760473,0.12491246612322318,0.1259463127995525,0.12547970943235962,0.1259188655426588,0.12563524388809058,0.1268612213626758,0.1273095265586062,0.12738271924365607,0.12748335918559964,0.12753825369938704,0.1278310244395865,0.12665994147878867,0.12720888661666263,0.12703505398966922,0.12725463204481882,0.12768463906948677,0.12773038449764293,0.12810549700852347,0.12776698084016785,0.1280597515803673,0.12824273329299196,0.12884657294465335,0.12853550403319142,0.12859039854697882,0.12837996957746045,0.12795911163842374,0.12785847169648018,0.12751080644249332,0.12853550403319142,0.12885572203028456,0.12880082751649718,0.12870933666018483,0.12944126351068347,0.12952360528136458,0.13041106658759416,0.13053915378643144,0.13038361933070047,0.13012744493302594,0.12989871779224513,0.12997191047729498,0.1299170159635076,0.13006340133360733,0.12971573607962048,0.1311155461811991,0.1311429934380928,0.13118873886624896,0.13202130565869116,0.13281727610860844,0.13260684713909007,0.13221343645694705,0.13203960382995364,0.13209449834374104,0.13306430142065173,0.13218598920005337,