# R script for Peak Model
#  -- generated by MACS
p <- c(0.028653371852280732,0.03341391498777063,0.03818733141459501,0.0430663088303621,0.04798905543666642,0.04818472946495048,0.04822334933895391,0.04850913640657932,0.0485245843561807,0.048599249445920666,0.04853488298924828,0.048635294661657204,0.04867906385219443,0.04894167899541778,0.04900604545209017,0.04920171948037423,0.049345900343320384,0.04935104965985417,0.04940769214172588,0.04958276890387477,0.04966000865188164,0.04975784566602367,0.05019038825486213,0.049963818327375314,0.0500333341005815,0.0501466190643249,0.05013117111472353,0.05023158278713245,0.05044785408155168,0.05045557805635237,0.050579161653163354,0.05056371370356198,0.050458152714619266,0.05035774104221034,0.05030624787687243,0.0503216958264738,0.05036546501701102,0.05040151023274756,0.05050192190515649,0.05063065481850127,0.05046845134768685,0.05049934724688959,0.050445279423284785,0.05071561854130882,0.05064867742636954,0.05056628836182888,0.05075423841531226,0.050656401401170226,0.050576586994896464,0.05048647395555512,0.05062808016023437,0.05082117953025154,0.0511327131805459,0.05126659541042447,0.05167854073312776,0.051804698988205646,0.0518330202291415,0.051954029167685586,0.052438064921861954,0.05261571634227775,0.052914376701237636,0.052983892474443815,0.052734150622554946,0.05314867060352513,0.053164118553126506,0.053352068606609876,0.05362755704116771,0.05381035777811729,0.05347822686168776,0.05353744400182636,0.053733118030110424,0.05394166534972896,0.054399954521236374,0.054217153784286785,0.054381931913368105,0.05470376419673005,0.054796451894338294,0.054814474502206556,0.055028171138358895,0.055162053368237464,0.05508481362023059,0.054979252631287875,0.05492003549114928,0.05487111698407826,0.05495350604861892,0.054832497110074825,0.05485566903447689,0.05515175473516988,0.055561125399606275,0.05574907545308965,0.05593702550657303,0.056408187969414915,0.056395314678080434,0.05679696136771614,0.05710334570147672,0.05738398345256833,0.057486969783244156,0.05771353971073096,0.05771096505246407,0.0577495849264675,0.05801220006969085,0.05799932677835637,0.05823876999717766,0.05825164328851214,0.05841899607586035,0.058668737927749216,0.058802620157627786,0.05896224897017531,0.0592016921889966,0.059484904598355114,0.05947975528182132,0.05957244297942956,0.05979128893211569,0.06015689040601486,0.06016976369734933,0.06008479997454178,0.06035771375083271,0.0603036459272279,0.06027532468629205,0.060398908283103035,0.06057655970351883,0.06093186254435042,0.06118675371277308,0.061212500295442035,0.061276866752114426,0.061693961391351505,0.06213165329672375,0.062409716389548474,0.0625616212272953,0.06280878842091729,0.06331599609949572,0.06340868379710395,0.0635580139765839,0.06400342985675683,0.06455183206760558,0.06460847454947728,0.06470116224708553,0.06497150136510955,0.06519807129259637,0.06555337413342796,0.06542464122008318,0.06576964542784719,0.06618416540881737,0.06640816067803729,0.06661155868112204,0.06689992040701434,0.06704667592822738,0.06717540884157217,0.06768519117841748,0.06778045353429261,0.06828251189633726,0.06867385995290538,0.06896994565359837,0.06908065595907488,0.06908323061734177,0.06922741148028792,0.06974749245020083,0.07013626584850206,0.07053276322160398,0.07076190780735768,0.07099105239311139,0.07111463598992238,0.07144419224808501,0.07182524167158555,0.07228868015962675,0.07303790571529337,0.07327734893411465,0.07385407238589925,0.07419135261886257,0.07478867333678235,0.07533192623109732,0.07588032844194606,0.07618671277570664,0.07670936840388644,0.0771316123596573,0.07720627744939729,0.07741997408554961,0.07767743991223917,0.07808423591840867,0.07840349354350372,0.07860174223005467,0.07904200879369382,0.0793432438109206,0.0795723883966743,0.07977321174149216,0.08033706190194229,0.08087774013799036,0.08151883004644735,0.08194107400221823,0.08260533583507727,0.08332881480807493,0.08357340734343001,0.0839905019826671,0.08445136581244139,0.08490965498394881,0.08518771807677353,0.085669179172683,0.08575156823722366,0.08585455456789948,0.08617123753472763,0.08577474016162571,0.08603992996311596,0.08628709715673794,0.08639780746221444,0.0868921418494584,0.08708009190294178,0.086951358989597,0.08742767076897268,0.0880481634112945,0.08824641209784546,0.08941273229274915,0.08999717971933444,0.0904863647900446,0.09080562241513965,0.09118924649690709,0.09179429118962755,0.09225000570286807,0.0925203448208921,0.09261818183503413,0.09304300044907189,0.09282672915465266,0.09308934429787602,0.09330819025056214,0.09377677805513714,0.09386946575274537,0.09392353357635018,0.09452600361080374,0.09462641528321267,0.0951258989869904,0.0953035504074062,0.09572836902144397,0.09596781224026525,0.09666811928886085,0.09726544000678063,0.09762074284761221,0.09818974232459612,0.09827985536393748,0.09900848365346891,0.09931744264549638,0.09958520710525352,0.09994050994608511,0.10022114769717673,0.10025204359637947,0.10037820185145736,0.1006433916529476,0.10085451363083303,0.10127160827007012,0.10124586168740116,0.10102701573471504,0.1009935451772454,0.10115574864805982,0.10146728229835418,0.10158829123689828,0.10161403781956722,0.1018019878730506,0.10205687904147326,0.10205945369974016,0.10216758934694978,0.10241475654057175,0.10273658882393369,0.10299147999235636,0.1031433848301032,0.1033725294158569,0.10370208567401953,0.10402134329911458,0.10419642006126348,0.10481691270358531,0.10537818820576854,0.10616345897717169,0.10639260356292539,0.106796824910828,0.10710835856112236,0.10740959357834914,0.10731948053900779,0.10764903679717043,0.10792452523172825,0.10803266087893787,0.10804810882853924,0.10800176497973513,0.10839053837803635,0.10867117612912797,0.10908569611009815,0.10918353312424019,0.10956458254774074,0.10974738328469032,0.11004346898538331,0.11007179022631916,0.1103936225096811,0.1106871335521072,0.11087765826385747,0.11063821504503618,0.1104528396498197,0.11070773081824237,0.11113512409054703,0.11139773923377037,0.11136684333456763,0.11157796531245306,0.1119590147359536,0.11222162987917696,0.11260782861921129,0.11308414039858697,0.1134111219984827,0.11370978235744258,0.11398527079200041,0.11403933861560522,0.11423501264388929,0.11463923399179189,0.11467527920752843,0.11481173609567388,0.11482460938700836,0.11513871769556963,0.11514386701210341,0.11510782179636687,0.11523912936797855,0.11522110676011028,0.11559958152534393,0.11591883915043898,0.11605529603858444,0.11637970298021329,0.11661914619903457,0.11638485229674708,0.11672985650451108,0.1171855710177516,0.11706198742094061,0.11747135808537701,0.11749967932631286,0.11725766144922467,0.11715467511854885,0.11700019562253512,0.1171289285358799,0.1177082266459314,0.11777259310260378,0.11779576502700585,0.11801718563795886,0.11821285966624293,0.11825147954024637,0.1185784611401421,0.11859648374801036,0.11872779131962204,0.11864797691334827,0.11899298112111228,0.1190470489447171,0.11902645167858193,0.1190959674517881,0.11930966408794044,0.11946671824222108,0.11930966408794044,0.11959030183903206,0.11972933338544442,0.11984004369092092,0.11962892171303549,0.11996620194599882,0.11993788070506296,0.12018762255695183,0.12023911572228974,0.12059699322138823,0.12094972140395291,0.1214826756652003,0.12171696956748779,0.12184570248083257,0.12183540384776499,0.12167577503521747,0.12229626767753929,0.12241727661608338,0.12226794643660344,0.12209286967445454,0.12203107787604905,0.12190491962097116,0.12206969775005248,0.12219328134686347,0.12220100532166416,0.12259492803649918,0.1225305615798268,0.122697914367175,0.1228781404458577,0.12303261994187142,0.12311758366467898,0.12305836652454039,0.12290646168679355,0.12325146589455754,0.12350378240471331,0.12352180501258159,0.12328493645202719,0.1230480678914728,0.12313560627254724,0.1232257193118886,0.12360676873538913,0.12380244276367319,0.12399039281715657,0.12429162783438336,0.12446670459653225,0.12476536495549213,0.12533436443247606,0.12564074876623663,0.12574630975517934,0.1256742193237063,0.12564074876623663,