# R script for Peak Model
#  -- generated by MACS
p <- c(0.037470903872164764,0.04352395981964878,0.050207196934268124,0.056227085451902914,0.062495729693406915,0.062487437835944605,0.06266156684265305,0.06269473427250227,0.06258694012549229,0.06263669127026612,0.06213088796506541,0.0622386821120754,0.0621143042501408,0.06252889712325614,0.06293519813890917,0.06279423656204997,0.06313420271800455,0.06378925945752678,0.06386388617468755,0.06417897675825521,0.06499157878956129,0.06542275537760124,0.06587051568056582,0.06587880753802812,0.066334859698455,0.06761180574765026,0.06782739404167024,0.06762009760511256,0.06805127419315252,0.06837465663418249,0.06830002991702172,0.06811760905285097,0.06727183959169568,0.06721379658945953,0.06673286885664573,0.06607781211712348,0.06603635282981195,0.06616902254920885,0.0657378459611689,0.0657295541037066,0.0661109795469727,0.06637631898576653,0.06680749557380648,0.06744596859840411,0.06784397775659484,0.06810931719538867,0.06800152304837867,0.06830002991702172,0.0688721680819209,0.06856536935581554,0.06835807291925787,0.06859853678566477,0.06919555052295087,0.0693696795296593,0.06965160268337775,0.06973452125800081,0.06995010955202079,0.07036470242513614,0.0709202568751107,0.071766026336266,0.0717577344788037,0.07207282506237135,0.07198161463028598,0.07190698791312522,0.07127680674598989,0.07130168231837682,0.0716499403317937,0.07136801717807527,0.07112755331166837,0.07088708944526147,0.07124363931614067,0.07063833372139226,0.07095342430495992,0.07077100344078917,0.07088708944526147,0.0711607207415176,0.07096171616242224,0.07114413702659299,0.07106951030943222,0.07101146730719607,0.07099488359227146,0.07147581132508525,0.07130997417583912,0.07160848104448217,0.071873820483276,0.07144264389523602,0.07150897875493449,0.07198161463028598,0.07242108307578823,0.07266154694219513,0.07247912607802438,0.07211428434968288,0.07217232735191903,0.0720230739175975,0.07219720292430595,0.07245425050563747,0.07252058536533593,0.07192357162804983,0.07154214618478372,0.07162506475940678,0.07163335661686909,0.07221378663923057,0.0718904041982006,0.0721225762071452,0.0718986960556629,0.07184065305342675,0.07159189732955755,0.0715172706123968,0.0717743181937283,0.07196503091536137,0.072495709792949,0.07275275737428051,0.07291859452352666,0.07266983879965745,0.0730927235302351,0.07374778026975734,0.07436137772196805,0.07495839145925415,0.07518227161073643,0.07499155888910337,0.0751573960383495,0.0750330181764149,0.07529006575774642,0.07541444361968103,0.07521543904058565,0.07456038230106342,0.07417066500033499,0.07399653599362654,0.07371461283990811,0.07413749757048577,0.07419554057272192,0.07486718102716877,0.07543931919206795,0.07604462478681634,0.07640946651515784,0.07712256625691624,0.07759520213226773,0.07811758915239306,0.07883068889415146,0.07885556446653838,0.07868972731729224,0.07878922960683991,0.07869801917475454,0.07863168431505609,0.07883068889415146,0.07854876574043303,0.07866485174490531,0.07904627718817143,0.07908773647548296,0.07917894690756834,0.07944428634636216,0.07884727260907606,0.07895506675608606,0.07912090390533219,0.07893019118369914,0.07941111891651294,0.07981741993216597,0.07949403749113601,0.07964329092545752,0.07977596064485444,0.08000813265379902,0.08065489753585897,0.08053881153138667,0.08038126623960284,0.08077927539779357,0.0805719789612359,0.08075439982540665,0.08087048582987895,0.08075439982540665,0.08010763494334672,0.0798505873620152,0.07977596064485444,0.07999984079633672,0.08048906038661283,0.08029005580751747,0.08074610796794435,0.0806880649657082,0.08072952425301973,0.08048906038661283,0.08119386827090891,0.08164992043133579,0.08157529371417503,0.08150066699701426,0.08136799727761736,0.08222205859623496,0.08220547488131036,0.08221376673877266,0.08239618760294341,0.08249568989249109,0.08249568989249109,0.08281078047605875,0.08272786190143569,0.08266981889919954,0.08268640261412415,0.08261177589696339,0.08261177589696339,0.08271127818651107,0.08289369905068182,0.08324195706409872,0.08326683263648563,0.0833331674961841,0.08353217207527945,0.08399651609316863,0.08508274942073084,0.08481740998193701,0.08533979700206235,0.08565488758563002,0.08538125628937389,0.08557196901100694,0.0858870595945746,0.08628506875276533,0.08642603032962455,0.08678258020050375,0.08641773847216225,0.08686549877512681,0.08687379063258913,0.08729667536316678,0.08858191326982434,0.08918721886457275,0.09020711733243648,0.09006615575557726,0.09078754735479797,0.09117726465552639,0.09145089595178252,0.09153381452640559,0.0922717898405509,0.09207278526145553,0.0913099343749233,0.09144260409432022,0.09126847508761177,0.09133480994731022,0.09102801122120487,0.09125189137268715,0.09162502495849097,0.0925205455644201,0.09258688042411856,0.0930014732972339,0.09339119059796233,0.09325852087856541,0.09340777431288694,0.09407112290987149,0.09490030865610218,0.0952983178142929,0.09539782010384058,0.09512418880758446,0.09471788779193142,0.09496664351580063,0.09532319338667983,0.09606116870082514,0.09601970941351361,0.09571291068740825,0.09543098753368982,0.0947925145090922,0.09446084021059992,0.09495005980087602,0.09520710738220753,0.09536465267399136,0.09563828397024748,0.09512418880758446,0.09545586310607673,0.095895331551579,0.09590362340904131,0.09605287684336283,0.09653380457617664,0.09611091984559898,0.09640113485677972,0.09612750356052359,0.09585387226426746,0.09604458498590053,0.09606116870082514,0.09630992442469434,0.09669134986796046,0.09718886131569887,0.09718886131569887,0.09679914401497045,0.09700644045152812,0.09676597658512122,0.09724690431793502,0.0972137368880858,0.09728836360524655,0.09699814859406582,0.09693181373436736,0.09714740202838734,0.09726348803285964,0.09838288879027106,0.09812584120893955,0.098299970215648,0.09776099948059805,0.09835801321788415,0.09820875978356262,0.0985404340820549,0.09894673509770793,0.09921207453650176,0.09910428038949176,0.09886381652308486,0.09914573967680329,0.09907111295964253,0.09978421270140092,0.09982567198871246,0.10018222185959165,0.10082069488418928,0.1008538623140385,0.10003296842527014,0.1003646427237624,0.10014076257228012,0.10019051371705397,0.1008289867416516,0.10052218801554624,0.1001075951424309,0.1003563508663001,0.09964325112454171,0.09937791168574789,0.09952716512006941,0.09864822822906488,0.09904623738725561,0.09896331881263254,0.09827509464326108,0.09815900863878878,0.09838288879027106,0.09813413306640185,0.09798487963208033,0.09747907632687962,0.09799317148954265,0.09858189336936643,0.09815900863878878,0.09773612390821113,0.0985570177969795,0.09836630507534645,0.0978356261977588,0.0980595063492411,0.09816730049625108,0.09832484578803491,0.09780245876790958,0.09767808090597498,0.097570286758965,0.09796829591715572,0.09728007174778425,0.09755370304404037,0.0980595063492411,0.0973381147500204,0.09701473230899044,0.09708935902615119,0.09701473230899044,0.09662501500826201,0.09620213027768436,0.09609433613067436,0.09631821628215666,0.09616067099037282,0.09639284299931741,0.09640113485677972,0.09649234528886509,0.0969732730216789,0.09696498116421659,0.09731323917763347,0.09760345418881422,0.09786879362760804,0.09788537734253265,0.09808438192162802,0.0973464066074827,0.09700644045152812,0.0969732730216789,0.09619383842022206,0.09629334070976973,0.09621871399260896,0.09638455114185511,0.09657526386348816,0.09691523001944274,0.09689864630451814,0.09731323917763347,0.09747907632687962,0.09791025291491957,0.0980760900641657,0.0980512144917788,0.09851555850966798,0.09858189336936643,0.09750395189926654,0.09723032060301041,0.09688206258959352,0.09647576157394049,0.09648405343140279,0.09581241297695593,0.09571291068740825,0.09610262798813668,0.0952900259568306,0.09543927939115213,0.09560511654039826,0.09555536539562443,0.09562999211278518,0.0957792455471067,0.09597825012620206,0.09660843129333739,0.09723032060301041,0.09652551271871432,0.0968571870172066,0.09668305801049816,0.09723861246047272,0.09731323917763347,0.09728836360524655,0.09708106716868889,0.0971059427410758,