# R script for Peak Model
#  -- generated by MACS
p <- c(0.017964908374474137,0.02089701147060812,0.023985733033348205,0.02692297116117419,0.02992696470099622,0.03008101565175632,0.030039935398220297,0.029978315017916254,0.029873046868230183,0.02982169655131015,0.029857641773154173,0.029885884447460192,0.030006557692222272,0.03001682775560628,0.030003990176376272,0.029991152597146263,0.030096420746832334,0.030142636032060365,0.030319794625434486,0.030414792711736548,0.030250471697592436,0.030319794625434486,0.030186283801442393,0.030204256412364405,0.030176013738058387,0.030111825841908343,0.030219661507440418,0.030214526475748415,0.030199121380672402,0.030222229023286418,0.03043019780681256,0.030602221368494675,0.030686949391412734,0.03083073027878883,0.031072076768312994,0.0312286952349191,0.031264640456763124,0.03141869140752323,0.031385313701525204,0.03151112197797929,0.031552202231515315,0.03149058185121128,0.03148287930367327,0.03155990477905332,0.031667740444585396,0.03177814362596347,0.03190908693410956,0.031857736617189526,0.032055435337331656,0.03218637864547774,0.032224891383167774,0.03250218309453596,0.032489345515305953,0.032630558886836046,0.03245596780930793,0.032556100927302,0.032535560800533984,0.03262285633929804,0.03268447671960208,0.03261772130760604,0.033013118747890306,0.03291298562989624,0.03305676651727233,0.03295406588343226,0.033159467151112405,0.033277572880028486,0.03336486841879254,0.03340594867232857,0.03351121682201464,0.033624187519238714,0.033470136568478616,0.03355486459139667,0.0336036473924707,0.03387066904045488,0.034099177950749036,0.034165933362745086,0.034147960751823074,0.03423782380643313,0.03429687667089117,0.034358497051195216,0.034394442273039234,0.03446890023257329,0.03473848939640347,0.034869432704549556,0.03487456773624156,0.035159561995147755,0.035329018040983866,0.03563198491081208,0.03594522184402429,0.036199405912778454,0.0364022396646126,0.03659737086890873,0.03679763710489686,0.03688236512781492,0.03710573900641707,0.03706722626872704,0.037418975939629284,0.037513974025931346,0.03750370396254734,0.037737347904533494,0.03786315618098758,0.038191798209275804,0.03807882751205173,0.038263688652963854,0.03836895680264992,0.03866165360909412,0.03892097270954029,0.03931380263397856,0.03952690644919671,0.03979906312887289,0.040040409618397055,0.04020216311669516,0.040692558643281494,0.041052010861721736,0.04142686817523799,0.04172213249752819,0.04193266879690033,0.042084152231814435,0.04241279426010266,0.04246414457702269,0.042859542017306955,0.043049538189911085,0.04313169869698314,0.043118861117753135,0.04353736620065141,0.04364263435033749,0.043794117785251586,0.044007221600469736,0.044035464274775754,0.044253703121685896,0.04441545661998401,0.0447030183947362,0.0451471986360945,0.04557340626653079,0.04562989161514283,0.04580961772436295,0.04607663937234713,0.04635393108371532,0.04685716418953166,0.047314182010119964,0.04753498837287611,0.047858495369472336,0.047932953329006385,0.04840794376051671,0.04861077751235084,0.0491448208083192,0.04948630041583743,0.04984318511843167,0.04998696600580777,0.050051153901957815,0.05037209338270803,0.050603169808848186,0.051155185715738564,0.05130666915065266,0.051704634106782936,0.05179449716139299,0.05193827804876909,0.05214624683229523,0.05261866974795955,0.05314757801223591,0.053247711130229976,0.053558380547596186,0.0537278365934323,0.05391013021849842,0.05410782893864056,0.05453403656907684,0.05486781362905707,0.05506807986504521,0.05519388814149929,0.05523240087918932,0.05572022888992965,0.05611819384605991,0.05653156389726619,0.05701682439216052,0.05744816705428881,0.057725458765657,0.05800531799287119,0.058351932632081424,0.058713952366367665,0.05914529502849596,0.05938150648632812,0.05941231667648014,0.059697310935386334,0.059815416664302415,0.06007473576474859,0.060346892444424774,0.060737154853017034,0.061088904523919275,0.061399573941285486,0.06184118666679778,0.06197212997494387,0.06253955097691025,0.06266279173751833,0.06292981338550252,0.06296575860734654,0.06297859618657654,0.06319170000179469,0.06330980573071077,0.06373344584530106,0.06381047132068111,0.0642341114352714,0.06433167703741946,0.06487599039677183,0.06493504326122987,0.06534327828074414,0.06604677762254862,0.06625988143776676,0.066593658497747,0.06692743555772722,0.0672047272690954,0.06737418331493152,0.06772336546998775,0.06780809349290581,0.06824200367088011,0.06848848519209627,0.06829592150364615,0.06879658709361648,0.06902766351975663,0.06913806670113472,0.06966183993371906,0.07008804756415535,0.07038587940229156,0.07047060742520961,0.0712049169571661,0.07144626344669026,0.07204962967050067,0.07203935960711667,0.07234232647694487,0.07245529717416896,0.07264786086261908,0.07299961053352132,0.07330771243504153,0.0738597283419319,0.07397783407084799,0.07421404552868013,0.07447079711328031,0.07493038244971463,0.07546185822983699,0.07602671171595736,0.07612427731810543,0.07635278622839958,0.07677899385883587,0.07713587856143012,0.07727709193296022,0.07774181230108652,0.07794464605292066,0.078465851769659,0.07847355431719702,0.07901786767654939,0.07955447848836375,0.0802091950290942,0.08046081158200236,0.08071242813491053,0.08120795869318886,0.0816957867039292,0.08253536438557177,0.08267657775710185,0.08310535290338415,0.08338521213059834,0.08369588154796455,0.08388074268887667,0.08428127516085294,0.08475626559236327,0.08516963564356954,0.08575246174061193,0.08574989422476594,0.08634042286934633,0.08685649355439268,0.08704392221115081,0.08752918270604514,0.08794512027309742,0.08817876421508357,0.08847659605321978,0.0891030699196442,0.08926739093378831,0.08984764951498471,0.09026101956619098,0.09111343482706356,0.09187341951748007,0.09225597937853433,0.09273867235758265,0.09349352201630716,0.0939762149953555,0.0941456710411916,0.09466944427377597,0.09527794552927837,0.09572982831817467,0.09613806333768896,0.0965052181036672,0.0972420951514697,0.09788140659712413,0.09821004862541236,0.09881598236506876,0.09952461673856525,0.10017933327929568,0.10073134918618605,0.1012422848395404,0.10151444151921658,0.10201767462503293,0.10236942429593517,0.10269806632422339,0.10339643063433586,0.1041974955782884,0.10475721403271678,0.10530666242376115,0.10554544139743931,0.10624894073924378,0.10679838913028815,0.10755580630485867,0.10847240946188129,0.10921185402552978,0.10975873490072816,0.11008480941317038,0.1104211539889966,0.11094492722158096,0.11165869662676944,0.11235706093688191,0.11308880295299241,0.11344825517143264,0.11403621630016704,0.11476795831627754,0.1152891640330159,0.11608766146112243,0.11696831939630102,0.11760506332610945,0.11833937285806595,0.11903003462064042,0.11993893523012503,0.12074770272161559,0.121358771492964,0.12202375809707844,0.12294036125410106,0.12349237716099143,0.12423952427217794,0.12486599813860236,0.1256824681776309,0.12628840191728732,0.12673258215864563,0.12728203054969,0.12775188594950831,0.1284733579022348,0.12930009800464737,0.13019102600320995,0.13065317885549027,0.13160829475020291,0.13243503485261549,0.13322839724903002,0.1339421666542185,0.13489471503308514,0.1355956468590436,0.13613996021839597,0.1367612990531284,0.13715669649341267,0.1381041098405873,0.13872031364362772,0.13932367986743813,0.1398448855841765,0.1407845963838131,0.1413648549650095,0.14198619379974192,0.14302860523321864,0.14389385807332122,0.14527004656677814,0.14577327967259449,0.14660772232254504,0.1474139222981896,0.14854106175458437,0.14893902671071463,0.1499146827321953,0.15080561073075788,0.15164005338070846,0.15214328648652478,0.1527697603529492,0.15367352593074182,0.15446432081131037,0.1555709201409371,0.1558610494315353,0.15685211054809198,0.1576506079761985,0.1586570741878312,0.15948638180608976,0.16021042127466223,0.16108594417814884,0.16233889191099768,0.1632246848778683,0.16366373008753457,0.16470870903685728,0.1659205765161701,0.16678069432458068,0.1675535165942272,0.16822363823003367,0.16909659361767423,0.16960496175518258,0.1697769853168647,0.17045737701605518,