# R script for Peak Model
#  -- generated by MACS
p <- c(0.015268604855289667,0.017708149107559957,0.020151779698611268,0.02260358296722462,0.025139156180848932,0.025112594978772287,0.02500839333985622,0.024853112466177375,0.02499000481534162,0.025188192246221198,0.025267875852451133,0.0253720774913672,0.02553553104260809,0.025670380222381824,0.025629516834571604,0.025680596069334382,0.025833833773622715,0.026052452898407408,0.025962553445224915,0.025850179128746806,0.025958467106443894,0.02595029442888185,0.025972769292177473,0.02600137366364463,0.02613417967402785,0.02617095672305705,0.02611170481073223,0.026093316286217628,0.026189345247571653,0.026307849072221296,0.026299676394659254,0.026410007541746855,0.02640183486418481,0.02644065508260452,0.026495820656148323,0.02652646819700599,0.026683792240075346,0.0267123966115425,0.02678186437081988,0.026820684589239592,0.02685746163826879,0.02707199442427246,0.027208886773436705,0.027388685679801687,0.027539880214699507,0.027733981306798067,0.02761752065153893,0.027817751251809023,0.027909693874382024,0.028114010813433135,0.02826724851772147,0.02822842829930176,0.02831832775248425,0.028434788407743383,0.028420486222009805,0.028639105346794497,0.028914933214513498,0.028886328843046344,0.029131509169907678,0.02899257365135292,0.02892106272268503,0.029070214088192343,0.0290988184596595,0.029129466000517166,0.029233667639433233,0.029104947967831033,0.0292275381312617,0.029366473649816458,0.02942368239275077,0.02945841627238946,0.029779193866699707,0.030055021734418708,0.030249122826517264,0.030486130475816556,0.030751742496583002,0.031078649599064784,0.03132995943409765,0.03148115396899548,0.031432117903623207,0.031752895497933455,0.03185505396745901,0.031840751781725435,0.03203893921260501,0.03198785997784224,0.03216152937603568,0.03218400423933131,0.03213701134334955,0.03235971680691526,0.03268458074000653,0.03287663866271458,0.03300127199553576,0.0331565528692146,0.03345281243083872,0.03371433811282414,0.033828755598692764,0.033979950133590585,0.03427825286460521,0.03451321734451399,0.03470118892844102,0.03492593756139724,0.035220153953630845,0.03539178018243378,0.03545716160293013,0.03577793919724038,0.03590665886884258,0.03607011242008347,0.036108932638503184,0.03628668837547765,0.0366994085923609,0.0369384594110507,0.037030402033623705,0.03734913645854344,0.03749420148526973,0.03749828782405075,0.03771282061005442,0.03818274956987198,0.03856073590711654,0.038601599294926764,0.038662894376642096,0.03880795940336838,0.0391961615875655,0.0392881042101385,0.03959457961871517,0.03987449382521519,0.04008494027243784,0.04017279655622982,0.0403525954625948,0.04044249491577729,0.040687675242638624,0.040900164859251784,0.04109426595135034,0.04139052551297445,0.04142934573139417,0.0416377490092263,0.04180733206863872,0.04203821020976648,0.04217510255893073,0.04261642714728113,0.04274718998827384,0.04280031239242713,0.04304140638050744,0.04304549271928847,0.043382615668722806,0.0438402856121973,0.044183538069803165,0.04433064626591997,0.04450022932533239,0.044849611291109794,0.04501102167296017,0.04549933915729233,0.04566074953914271,0.04605508123151136,0.04614906702347487,0.04629208888081065,0.04658221893426323,0.04704397521651875,0.04747917029669762,0.04760584679890931,0.04796544461163926,0.04813502767105169,0.04834956045705536,0.04880314406174883,0.0492567276664423,0.0493486702890153,0.04961632547917226,0.04959180744648613,0.04988398066932922,0.05029874405560297,0.050537794874292774,0.05085039979104098,0.05119365224864685,0.051404098695869496,0.05170444459627463,0.05216620087853015,0.05253601453821266,0.05309788612060322,0.05339823202100836,0.053608678468231,0.05382116808484416,0.05428905387527121,0.054714033108497526,0.05502255168646471,0.05522891179490633,0.05538623583797569,0.05576830851400127,0.05587251015291734,0.056322007418829784,0.056728598127541496,0.05709023910966197,0.057118843481129125,0.05716787954650139,0.05738445550189557,0.057917722712818975,0.05838560850324603,0.05848163746460005,0.058804458228300806,0.05879832872012927,0.05923556696969865,0.059505265329246125,0.05989755385222426,0.060359310134479774,0.0608782751596696,0.061244002480571096,0.061440146742060164,0.061750708489417855,0.06205718389799452,0.062510767502688,0.06251894018025003,0.06288466750115153,0.06318909974033769,0.06349557514891435,0.06363451066746911,0.06364881285320269,0.06394711558421731,0.06431692924389983,0.06470104508931593,0.0646765270566298,0.06484815328543272,0.0651015062898561,0.06524248497780137,0.06536098880245102,0.06547336311892914,0.06573080246213353,0.06597598278899487,0.06617621338926497,0.06648881830601316,0.06707316475169935,0.06755330955846946,0.06794355491205709,0.0681642172062323,0.06858715327006809,0.06894266474401703,0.06929000354040392,0.06997650845561566,0.07023190462942955,0.07045256692360476,0.07061397730545513,0.07093066856098436,0.07113294233064496,0.07176632484170341,0.07223216746273994,0.07270209642255751,0.07323127729469989,0.07340903303167436,0.07392799805686419,0.07438362483094817,0.07496184176846281,0.07517024504629495,0.07553392919780592,0.07575867783076215,0.0758955701799264,0.07618161389459796,0.07645948493170747,0.0765003483195177,0.0767598308321126,0.07690898219761992,0.07728288219608345,0.07804702754813463,0.07846792044257991,0.07897462645142667,0.07932605158659459,0.07980211005458368,0.08008815376925524,0.08056216906785382,0.08091972371119327,0.08159601277945246,0.0820475532147554,0.08220896359660579,0.08265846086251824,0.08300171332012411,0.0835717575800767,0.08397017561122638,0.08449322697519723,0.08503058052490166,0.08567213571352215,0.08633820893482878,0.08691438270295292,0.08761518980389824,0.0881586728617742,0.08876958050953702,0.08937640181851883,0.09008333842763568,0.09074532531016129,0.09132354224767593,0.09187315481372343,0.09214081000388039,0.09253922803503006,0.09296420726825637,0.09389180617154842,0.09435356245380394,0.09487048430960325,0.09522599578355219,0.09590432802120188,0.09646007009542092,0.0971567908575852,0.09799653347708528,0.09870551325559264,0.09941653620349052,0.0996147236343701,0.10042790505179353,0.10138002198777171,0.10208491542749805,0.10257731925061124,0.10329855804546166,0.10389516350749091,0.10434874711218438,0.10496987060689977,0.10564207333637793,0.10648794546404954,0.10738693999587444,0.10787730064959711,0.10868026622006798,0.10949140446810089,0.110427176048955,0.1113833793237142,0.1123743164781121,0.11323449079151729,0.1138413121004991,0.11456050772595901,0.11525314214934228,0.11609084159945184,0.11704908804360156,0.11808088858580969,0.1189104153583572,0.11961326562869302,0.12058377108918582,0.12145620441893407,0.12254112736529547,0.12348711479310213,0.12428599402479198,0.1251890748953979,0.12600225631282133,0.12701566833051484,0.12809446176870473,0.12914873717420847,0.12994148689772678,0.13103662569104074,0.13178851202674885,0.1328652622955482,0.13380716338457385,0.13484305026556298,0.13604852020596456,0.13674932730690986,0.13750938632018,0.13840225134383338,0.13923995079394294,0.1401144272930817,0.14162228630327892,0.14257031690047609,0.14350608848133017,0.14432335623753462,0.14529999120619894,0.14662805131003118,0.14770275840944003,0.148801983541535,0.1500258420064512,0.15110054910586004,0.15196072341926523,0.15323566111894416,0.15436553379189683,0.15558326274864145,0.15654968187035323,0.15744254689400658,0.15856016055061617,0.15954496819684252,0.16048482611647766,0.16160652611186826,0.1626199381295618,0.16362517746969327,0.1645159993239561,0.16561113811727007,0.16692898237414974,0.1679485239000148,0.1687371872847521,0.16955036870217555,0.17079670203038733,0.17170591240916477,0.17270706541051523,0.17337926813999338,0.17445601840879277,0.17524876813231108,0.17596592058838048,0.1769057785080156,0.17794166538900474,0.1793289774051618,0.18006043204696479,0.18102480799928602,0.18182164406158538,0.1828534446037935,0.18407730306870967,0.1851887872171477,0.18613273147556386,0.1869499992317683,0.18791028884530853,0.18866217518101663,0.1893384642492758,